4 3 2 4 3 4 4 3 3 3 3 2 3 4 4 2 2 3 3 4 4 4 4 3 3 3 3 2 2 2 2 4 2 3 2 3 3 2 4 2 3 3 3 3 3 2 2 4 4 4 4 4 3 4 2 3 3 3 3 4 3 3 2 3 3 2 3 3 2 2 3 4 2 3 3 3 2 4 4 2 4 3 3 3 3 2 4 3 2 3 3 2 4 4 3 3 3 3 2 4 0
5 4 11 9 8 7 7 7 11 9 5 8 9 6 6 10 9 7 4 3 6 6 8 6 10 6 8 9 6 11 8 9 10 7 7 4 7 4 8 10 9 10 5 7 5 8 8 8 7 8 6 5 2 5 4 9 2 4 10 10 6 7 7 6 9 9 11 8 11 7 7 9 8 2 7 6 11 3 9 10 10 2 4 11 7 7 11 2 7 4 7 4 8 8 7 9 10 10 4 4 0
6 3 7 2 1 2 6 3 2 1 8 6 6 8 8 2 2 5 1 3 2 6 3 1 7 3 7 3 6 2 7 8 6 7 7 7 6 8 6 4 6 1 6 1 6 1 6 7 1 2 4 6 3 6 4 6 2 8 1 4 1 7 1 5 7 5 7 8 4 6 2 3 5 4 6 4 2 2 8 8 4 6 4 5 7 6 6 2 3 3 8 6 3 7 1 7 8 3 3 6 0
7 5 8 3 6 5 5 5 5 4 7 4 7 5 6 4 6 4 4 3 4 3 6 4 6 4 7 6 4 8 5 6 6 4 4 6 4 3 3 3 6 8 2 6 3 2 4 3 4 3 4 4 3 3 4 7 7 4 4 5 6 6 4 3 8 4 2 5 7 5 4 8 4 5 4 4 5 3 2 5 8 4 3 8 4 5 4 5 7 5 3 3 5 8 8 6 5 7 4 5 0
22 22 14 9 26 25 25 20 24 31 22 21 20 28 21 17 12 18 13 15 35 22 17 33 17 26 23 22 20 20 17 26 22 26 20 26 18 14 30 32 15 16 27 25 20 16 15 14 25 24 19 18 29 27 17 16 24 22 24 24 23 26 23 24 25 24 15 26 20 21 27 23 15 19 14 33 25 18 34 25 21 19 22 30 26 22 22 26 22 18 26 21 8 30 29 19 25 19 28 16 0
2 1 1 2 1 1 2 1 1 1 2 2 1 1 1 1 1 1 1 1 1 2 1 2 2 1 2 2 1 2 1 1 1 2 1 2 1 1 2 1 2 1 1 1 1 2 1 1 2 1 2 2 1 1 1 2 1 1 1 2 2 1 1 2 1 1 2 1 2 1 1 1 2 2 1 2 2 1 1 1 1 2 2 2 1 1 1 1 2 2 2 2 2 2 1 1 2 2 1 2 0
18 12 9 10 12 9 17 13 16 13 18 10 19 15 14 15 6 11 13 13 18 14 19 7 15 14 15 13 17 21 15 16 22 18 15 13 12 13 16 6 17 15 12 13 15 13 19 10 17 19 10 14 11 8 20 15 14 17 14 7 13 16 19 19 12 15 13 20 20 16 15 10 11 16 12 17 11 11 18 12 12 20 17 10 12 14 15 11 21 17 15 15 8 11 16 17 13 8 14 12 0
8 7 6 8 7 6 9 7 7 8 7 7 6 8 9 9 9 7 8 9 8 9 7 7 8 6 7 7 9 8 6 7 9 8 8 9 9 8 8 7 7 8 8 8 5 7 7 8 6 7 7 9 7 8 9 9 8 7 9 8 6 8 7 7 6 8 9 7 9 6 7 7 9 6 7 8 7 6 7 9 6 9 8 8 7 8 8 9 8 8 8 8 6 9 7 7 8 7 8 8 0
14 9 11 14 12 10 13 14 13 14 15 13 13 10 18 17 11 12 8 8 14 16 12 18 16 13 13 16 14 12 14 12 16 14 12 9 10 13 13 14 12 11 11 10 13 12 10 14 10 15 14 13 12 11 15 8 12 11 15 13 18 10 17 9 14 14 14 11 15 12 11 16 11 11 13 15 10 13 15 10 12 15 12 11 14 14 13 11 15 17 11 14 12 11 11 15 13 11 15 15 0
24 14 12 21 8 18 23 18 13 27 24 12 12 11 17 20 18 24 12 19 18 10 5 19 17 14 17 15 10 12 28 25 17 12 11 16 16 16 18 15 11 14 20 10 19 17 23 12 15 19 12 17 21 6 17 21 26 18 13 9 18 19 23 19 12 14 24 11 16 9 21 22 24 20 24 16 11 15 11 17 15 11 20 17 13 13 17 13 17 18 17 17 18 13 20 15 27 13 17 13 0
23 18 19 25 5 22 17 8 26 21 23 18 21 15 21 15 17 23 24 18 21 22 15 10 13 18 7 19 16 26 9 15 12 15 16 14 16 11 18 20 11 16 28 23 12 26 19 17 26 19 13 22 20 14 10 22 20 20 15 21 24 12 16 16 15 13 17 17 19 14 19 21 20 21 17 23 11 25 13 6 21 18 9 10 24 18 21 19 22 13 12 24 21 13 15 22 12 13 13 10 0
7 7 10 11 6 9 7 12 6 4 9 11 4 11 12 9 5 4 7 6 9 9 11 9 11 8 2 7 9 6 4 10 5 7 3 3 8 7 14 6 5 8 14 11 13 14 4 8 3 5 14 16 3 7 4 9 4 5 6 7 14 4 7 8 9 11 7 5 14 4 8 8 11 13 14 11 8 6 12 6 12 6 9 8 5 11 11 10 10 12 7 12 9 5 6 4 9 9 13 10 0
17 7 21 14 12 20 25 21 15 8 23 19 12 17 12 18 14 30 22 25 25 12 16 16 10 21 15 18 20 18 12 15 20 11 17 24 16 12 12 12 16 18 26 15 21 16 23 14 24 23 24 7 13 17 27 12 13 20 25 19 20 10 17 17 17 11 12 22 22 20 21 17 15 16 21 11 12 21 19 12 17 21 19 17 19 21 18 11 10 21 26 20 17 23 13 17 15 16 20 25 0
11 11 15 12 15 15 10 14 11 11 9 13 13 11 12 12 13 9 16 12 12 12 10 16 8 15 15 12 14 8 9 13 14 13 18 14 13 13 14 16 17 14 12 14 11 8 15 13 13 13 15 10 18 16 12 19 13 11 14 10 12 14 14 14 15 9 10 15 12 14 10 13 12 11 16 10 11 9 11 13 17 11 11 10 13 14 13 11 13 11 12 16 11 10 11 12 12 11 11 14 0
16 9 14 23 23 8 10 13 11 14 11 20 20 15 24 20 14 10 19 12 17 17 15 12 17 25 24 14 13 17 4 20 21 24 16 8 17 12 11 17 22 12 10 28 17 16 19 15 12 25 10 15 12 20 20 13 11 20 23 16 10 8 16 17 21 28 24 14 27 19 12 14 11 14 20 15 8 18 10 20 12 17 14 22 10 20 25 14 9 18 14 15 17 20 13 10 19 17 7 21 0